,10108,11522,11618,11838,11933,11943,11953,12309,12923,13139,13315,14794,14899,15940,16703,16918,17486,19437,19934,20055,20821,21109,21280,22588,24203,24641,25269,25319,25372,25589,26352,26910,28160,28596,28756,29382,29838,29887,30408,30431,30564,31234,3158,3172,31802,31838,32054,33246,33544,34127,34239,35987,36577,36624,3683,36946,36975,36979,37060,37222,37225,38247,38642,38818,38830,38979,39403,39842,40549,40722,40841,40910,40925,41138,41567,41654,41711,41815,41928,42172,42215,4250,43951,43985,45214,45844,45946,45982,46807,47688,48261,48531,48680,48682,4931,49467,49980,5035,50654,50812,51186,51522,52071,5302,53153,53156,53728,53774,54079,55006,55164,55406,55409,55527,5603,56155,56270,56868,59047,59586,59818,60187,60252,60306,61678,6200,62007,62961,63932,64296,64499,6490,65377,66217,66581,67238,67296,67803,6802,68279,69215,69615,69855,70096,71242,71754,72016,7208,72210,72720,7655,7841,8007,8510,8808,9028,9435
10108,3.7556237743625642,4.574273900819779,3.7217478917369844,3.9615920649299623,4.660384068025112,3.5678336785564424,3.718912021947861,3.6426094339618684,4.296906785799027,3.864070849252701,3.8341579602489473,3.639687018228531,3.8547824786434175,3.8585252331027986,2.762217866016388,3.2514510319957735,4.011617796255112,4.246224479509354,3.910920398069382,3.960918502641678,4.669012741876602,3.993230001760483,3.8838575051555635,3.6323079632053377,3.335733489824295,3.6469237373600008,3.8836975262889863,3.708284990621567,3.6874203251132966,4.067312018705368,3.865322904420853,3.947200732065201,3.909117119146347,3.618710832429886,5.299965874982834,3.2008847759494783,3.8177319930324556,2.519593385739088,3.9539943502674104,4.113436804843903,3.69280119402504,3.923052804304123,3.2521818445453645,3.940074519945145,3.2965473101863862,4.248298303915024,3.704843358827591,3.6395704315433504,3.09941540820694,3.756133394075394,3.6052920387516023,3.18209083540535,3.8829704092273714,3.771078781915665,3.3381715582141878,3.712685899568558,3.9013063476810457,4.192701356245041,4.7247786687145235,4.031721727682114,3.839635269475937,3.2591674493083955,3.5530463622341157,3.1702136860618593,3.7783234880695344,4.5707771347293855,4.023771958185196,4.864283995462418,3.823915557695389,3.8883286283741,3.200220750404358,3.8911828563938142,3.70754911167717,3.8856550620326997,3.6903011964092256,3.8036443756351472,4.025060506297112,4.073169009519577,3.7538749740848543,3.7204947636852266,3.8345037267932893,3.9736452267894746,3.8753629492053987,3.7610170410404207,3.892100529504776,4.135718958211899,3.8039643333683015,3.963377432657242,3.504843430353165,4.0904784963855745,3.7793135212192537,3.8242980407009126,4.008050935102463,3.2703358696231843,3.9552766249904634,3.8100853727588655,3.768974082304001,3.862446026636124,3.6368667648563386,3.8111787603626253,3.7290763424167634,4.063280241323471,3.552875654531479,3.8227164910564424,3.731499032808304,3.95263846380806,3.6869023011455537,3.7123885319957735,3.979373709989548,4.201523797346115,3.8695448206195833,3.522320346666336,4.108680741621018,3.399489776922226,3.757468530667782,3.9897707269916536,3.8644496963748933,3.797399954629898,3.687808857990265,3.6096982525119783,3.694836215806961,4.445553945137024,3.235572499913931,3.748335914445877,3.7314006851444246,4.417489783597946,3.9776287840137483,2.7867446707019807,4.253247754407883,3.8201219604740144,3.874740319086075,3.6216295526752473,3.4317270682582857,3.685012833906174,4.146454827619553,3.340720848871231,3.8117771313915254,3.3492676184902193,4.833000378442764,4.182375209165573,3.7321089671382905,4.138142721487045,3.8948186801204683,3.511411504579544,4.04705973131752,3.738130884004593,3.7881155775318147,3.575782762599945,3.870964841676712,3.8225336240062715,3.8848896038176717,3.814942316843033,3.413838403059006,3.9335245357284547,4.002549962831497,3.8520484135875703,4.161388234926224
11522,4.574273900819779,3.7556237743625642,4.259060399366379,4.754853265119553,3.9173841641674043,5.072272019220352,3.9287952945957185,4.723500745130539,3.9012867973575593,4.564982549978256,4.16048701269722,3.9884054826030733,3.7941861913928987,5.007418649030686,3.109886036945343,4.389622645212174,4.219028787446976,3.491310076547623,3.7771844433078767,4.373297171426773,3.73424132330513,4.1599553392658235,3.641524450613022,4.660493688417435,3.7467348740825654,3.7309710548648836,4.232969479394913,4.046542541814804,4.205014006925583,4.077994124723435,4.253970222307205,4.225633578134537,4.147463874650955,4.624571459127426,3.557722644639969,5.085784898830414,4.014609472585678,5.000124184174299,4.193121688199997,3.704015927148819,3.594006137681961,4.293906526399613,4.88589857680893,3.651599483324051,4.10253818495369,4.290700899196625,4.032555119825363,4.298579232526779,4.2228419945964815,4.810510830713272,4.1542989776859285,5.185874240232468,4.606472985578537,4.318119959665299,3.9297875331172945,4.225337343050003,3.894175724817276,3.472159819437027,2.9391578005084993,4.129306988550186,4.169128434492111,4.504858182502747,3.477222429347992,3.950350658727646,3.925305025411606,3.4510598943958284,4.862619237733841,3.7229847477207185,3.915823893381119,4.893571691347122,3.480434374643326,4.0023437307605745,4.236060576272965,3.743432240320206,4.791842596364975,4.3606049583683015,2.90175362093544,3.999377803636551,4.246938483549118,4.279455320669174,4.089193420244217,4.019331888986588,4.517206029726029,4.175697283578873,3.8661016391048433,3.805278854204178,4.152507858110428,3.6931837366352083,4.367566602064133,3.885764555765152,4.4776587055454256,3.9617598818073274,3.720585720373154,4.715838925672531,3.9354420469532014,4.467204408479691,4.498109774423599,3.7249956892261507,3.7037894294986726,4.047355608774185,3.8932641313800813,3.6429440544376375,3.8828114436397554,4.013709859682083,4.030971185995102,4.176299469305039,4.511068599058151,3.7800663874874116,3.8396218584308626,3.8207840488681795,4.021868901086807,4.25771875841713,4.0251509712467195,4.508875744176865,4.496161991489887,3.8729011581668855,4.260224180055618,4.3240682647953035,3.4985428617725374,4.157467977834702,3.819381670785904,3.344817714525223,3.4323623345623018,4.230415718389511,3.981781678033829,3.7579894827136995,4.3740623758564,3.281100706888199,4.364968405796051,3.248485194278717,4.410919027162552,4.536948518587113,4.844934807849884,4.446254508329392,3.685238318277359,4.899650679660797,4.13433088524437,3.823774354291916,3.756793098283768,4.180858092142105,4.701558785272598,3.900913791490555,3.8390667007694246,3.8748327658901216,3.6799146698246004,4.487591819597244,4.666149632764816,4.193018601966858,4.481654302907944,3.5581574605236055,2.6659295724163057,4.009051577878952,4.202475266290665,2.841490225625992,3.952937440706253,3.769366578889847,3.789608733488083
11618,3.7217478917369844,4.259060399366379,3.7556237743625642,3.8659462795982362,4.42400773031807,4.077411727739334,3.7530469463596345,3.83284230692482,3.9386392400989534,3.859083967042923,3.6666110323200227,3.6059174106845857,3.7542153166065217,4.170191840959549,2.936509059501648,3.6047837899456026,3.7057478593120576,4.186564163995743,3.633506016565323,3.643983321023941,4.441058235002518,3.7565424011478425,3.636624352766037,3.96120985014534,3.5177877710590364,3.707623915506363,3.754211501909256,3.6814497874507905,3.558566229177475,4.018562273813248,3.7668689654598237,3.5743723676929475,3.5933988259563447,3.8655464814434053,4.329551892114639,3.692769603563309,3.6595354841480257,3.380909649414778,3.5213681028614046,3.887534336877823,3.542003707719803,3.7605481312999727,3.8700749443302156,3.5584198997745515,3.488636927438736,3.943827973438263,3.7559713886508943,3.49841346008873,3.5235620008239747,3.9107057617435457,3.5939644144306184,3.7259585426578523,3.7438654766807558,3.651546375585556,3.669769124818802,3.7609422968158723,3.6482740209827424,3.688591079545975,3.7341889904270174,3.7854321764240266,3.93954898579216,3.265006022287369,2.9943404362926485,3.6180125938186647,3.1878690884838106,3.731411771608353,3.829311804605484,4.291207389665604,3.5150124595890047,3.9841515587100984,2.7374743090400697,3.6689301298389436,3.749794440103531,3.6342298553714754,3.9664650724658967,3.7634601162204744,3.478885369134903,3.8203419016132356,3.7153505848178865,3.632258729768753,3.676859335733414,3.6102404759655,3.9476944969425203,3.646501498056412,3.733965592218399,4.029283718896866,3.7031244800815584,3.6000203655490877,3.5823852585086824,3.717558042837143,3.6024212406406404,3.67949278814888,3.3374986217746736,3.6494453714618684,3.5675956176052095,3.6850872801074983,3.6459641621837617,3.524023310972214,3.5720697806606294,3.7382778094539644,3.335143582654953,3.525395231081009,3.6197897361049653,3.799521164728165,3.788877086473465,3.9405195878276826,3.7771067188510896,3.7967003749141695,3.620566325021744,3.8595838711986543,3.602171616388321,3.5515264437923433,3.79808946116066,3.830444233251572,3.460567483438015,3.8745905326137544,3.7691800163517,3.6256216631660463,3.3452116416225435,3.65738220675087,3.4213575289974214,3.5541323588619234,3.2322911487350465,3.627811925245285,3.660332517457962,4.036467389894486,3.8427381084690095,3.303768055273056,4.05778281552887,3.2228570447692872,3.734544710947037,3.7319832609424592,3.894132273031235,3.7289475963840486,3.7632981704006196,3.822028236223221,3.668787734342575,3.596244351697922,4.563112931085587,3.884116844964981,3.8091472552547456,3.9843176172504426,3.568141834569931,3.703929202390671,3.451003687215805,3.4580223725566865,3.8637753890285493,3.61166088445282,3.635954336954117,3.620370404554367,3.00336928827858,3.8616464899311067,3.5712940262088777,3.1226156519184114,3.805828111005783,3.517444209886551,3.6502613590488435
11838,3.9615920649299623,4.754853265119553,3.8659462795982362,3.7556237743625642,4.752100715173245,3.452412234378815,3.8178329931030275,3.5135189162025453,4.22833489043808,3.985306815935135,3.8260595069656373,3.780389027429581,4.117109464241028,3.600054131580353,2.78400619490242,3.378678248954773,4.181417869163513,4.680000232292175,4.120227562023163,3.9330764280090333,4.909714983535767,3.8256515727767946,4.018757240606308,3.979068325592041,3.647598670555115,3.9185460077056886,4.171191559864044,3.679467247558594,3.759915040565491,4.3015496001968385,3.8691600428352357,4.282356129718781,4.011729525161743,3.6724424825439455,5.696622179580689,3.403359280658722,4.02480249269104,2.5657609680125715,4.109782891107559,4.1348974869976045,3.9891152249107362,4.150862412286759,3.617432163787842,4.231293068958283,3.4057360158691408,3.9566264913806917,3.7039790616760255,3.472702966762543,3.0813827083835603,3.644197927547455,3.9862708912620546,3.4829875097999574,3.683438988162041,4.015929387641907,3.5790475474128725,4.01353232724762,4.190647469593048,4.624853538108826,4.68461025668478,4.128079162670136,3.6865681277046205,3.597273410988808,3.855796115232468,2.959984676671982,3.896552698446274,5.15885104401207,4.378172384334564,5.298092590404511,4.095042930675507,4.16403304202652,3.223547028137207,4.335189925266266,4.083747910095215,4.119654940200806,3.502895997596741,4.217567907405853,4.045180858803749,4.325848029685974,3.826988087726593,3.8480961189994813,3.7276007996330263,4.117827282978058,4.600737021995545,4.098127471042633,4.135625170303345,4.577392862869263,4.14204304082489,4.191374288631439,3.8366402850875856,4.279560969902039,3.9701045022735597,4.0853583083877565,4.131497846675873,3.3903408513793947,3.9066613481769563,4.330875025821686,3.9161965118179323,4.0035310552845,3.7752320633659364,3.8983876572380067,3.992189036441803,4.420660273862839,3.835461215806961,4.107773678136826,3.953245537115097,3.970265732837677,3.7861358092556,3.958657668663025,4.441481934619904,4.254409210515976,3.9306055770645143,3.9125144944915773,4.389561699462891,3.612363802028656,3.3813394994864465,4.161653773618698,4.035250054431915,3.785650657249451,3.7417917118797304,3.8095146284828187,4.026942597461701,4.33678937120533,2.7466683254966737,3.7831469641456605,4.145383821559906,4.717687355113983,4.393131242824555,3.1287396417388917,3.905627505613327,3.8406369106302263,4.047029064727783,3.521974729133606,3.5549484358558656,3.76912896497345,4.463084654642105,3.6129934058914186,3.815402017665863,3.558489726615906,5.269070910049439,4.527228997779846,3.90942220552063,4.590615497661591,3.7445857392082216,3.8919305370578767,4.322484837604523,3.6178502903709413,3.902597473693848,3.408813552690506,3.9175501333007814,3.9574548171291353,3.7817232252488138,3.8119388685951234,3.402482496334076,3.974732642752886,4.061468409133911,3.991769836975098,3.9538817272911073
11933,4.660384068025112,3.9173841641674043,4.42400773031807,4.752100715173245,3.7556237743625642,5.395986528826714,3.9927213953266145,4.7473761306533815,3.635573612285614,4.479158775640488,3.9645882712135316,3.763739423585892,3.692443923784256,5.2837825284729005,2.9207124577293397,4.772506283355713,4.388513969017029,4.029850916696549,4.115039067102432,4.457955209297896,4.16688235266304,4.053040282560349,3.8307877348194124,5.44842766387558,4.2847733066806795,4.091028647256851,4.597063468528748,4.158115343881607,4.198689596487045,4.180865363908768,4.087957458330155,4.37822987301445,3.99101160628891,4.769998850060463,3.671080844236374,5.245857482535601,4.467492000890732,5.281783846897841,4.145038293434143,4.152517692876816,3.6514359281787874,4.083463506532669,5.536644359111622,4.509323509169579,4.48188279731369,3.759922193122864,4.474739508462906,3.976651267839432,4.619481326771736,4.995168830958963,4.314217762781143,5.3685084746608736,4.6782146112451555,4.396975623203278,4.513883666826248,4.416749195886612,4.282163994146347,3.643801288438797,2.8757860229740144,4.517342375350952,4.328412489725113,3.9839056895504,3.5367668883333208,3.98275500698185,4.120121406150818,3.6979598568210603,5.439415590597153,4.521235065294266,4.53147603733635,5.6437387855181695,3.3453691468963624,4.134424822164536,4.49867083294487,3.665939884019852,4.851736085248947,4.781950073076248,2.939513372016907,4.053893523050308,4.427343265844345,4.450038404894829,4.112520934773445,4.114480035139084,5.207680867744446,4.377768354249954,4.013202028108597,4.379651264978409,4.827323840690613,3.925728516412735,4.638044135404587,4.0781320200691225,4.684890316558838,4.199776487184525,3.7899322833324076,5.263281242681503,3.835136340690613,5.150003241134644,4.676752280203462,3.658311562372208,3.882191376520157,4.220889912677765,3.7599341438541414,3.8306995795497896,4.320930497480393,4.313490884138107,4.528167711330414,4.667576389146805,4.657705323530197,3.684531943632126,4.070980297161102,3.8954905436763765,4.267213063074112,4.764293001724243,4.0722783373126985,4.649523691965103,4.25078808678484,3.681330518556595,4.325388924909592,4.260142372680664,3.7812546358833314,4.457425074411392,3.9040407107601167,3.179257558418274,2.736339168382645,4.284199731184006,4.56463061435318,4.487554834915161,4.765837983919144,3.8753749297389986,4.001827226711273,3.2850748391280176,4.61067308647728,4.880545319748879,4.9736349896917345,4.73855896456337,3.900822000337601,5.385402710867882,4.279602901769638,4.050659106803894,4.046606378389359,4.51460112793541,4.6800916509161,4.27325602038002,3.4634826944599153,4.166086153818131,3.661860691143036,4.445695394409657,5.02924145920372,4.197801755500794,4.526878971366048,3.937026249004364,2.7447923065552713,4.330684529376984,4.36807282431221,2.934984402490616,4.10216199023819,4.3172435478696825,3.6049831972846986
11943,3.5678336785564424,5.072272019220352,4.077411727739334,3.452412234378815,5.395986528826714,3.7556237743625642,4.241662190986633,3.620419816804886,4.5298599766025545,3.883323685956955,3.5509335563907625,4.254549266530037,4.1642238066921236,3.723621563745499,3.452220143509865,3.5996734963188173,3.615831332040787,5.4115298220345975,4.029223160577774,3.585119740797043,5.372116731239319,3.7643639014492036,4.062976436449051,3.8817353413829805,4.085704402757645,4.248965250087738,4.234593437744141,3.7921766207942964,3.8315218554267885,4.5230268107185365,4.073921667171478,4.014273600412369,3.816645996404648,3.656193570924759,5.57519194645977,3.3411415086517335,3.5254815982112886,2.81395149020648,3.807564275098801,4.421753840280533,4.0885113046894075,3.865636484457016,3.745227114988327,3.912695662809372,3.626918123794556,4.064602182937622,4.0889511571655275,3.6645899282226564,3.3721666501293184,3.6940567062625886,4.197645978761673,3.334971384836197,3.4766361580619813,3.747632460428238,3.929485248161316,4.048871474100113,4.1246407793293,4.327955798936844,4.961518125368118,4.122733847929001,4.053960667682648,3.2087422774562837,3.1324953006038667,3.7050100655684473,3.207804398370743,4.76390566094017,3.8750831053981782,5.527645485235214,3.79829378588295,3.854214148355484,2.6223522887954713,4.201378719640732,4.0743606851825716,4.221908287836075,3.639957206083298,3.960073547197342,4.343964842839003,4.4801306293735506,3.7449499533901216,3.531007306409836,3.63281686766243,4.106116013360977,4.174399213624954,3.915564076734543,4.043341057134628,5.038245277238846,3.8127820060977937,4.062552498413086,3.887533860040665,4.001647548509598,3.772952990365982,4.179436104131699,3.641562269760132,3.3887087867984773,3.53557188971138,3.9844545291194917,3.3402733371982576,4.026689039302826,4.018465386463165,3.976163999868393,3.7728752212057115,4.128238396478653,3.814972059560776,4.215483324361801,4.004610674215317,4.171775506568909,3.718115882707596,4.502718263996601,4.211549298597336,4.264409767223358,3.832560496164322,3.6682188974151613,4.402876453233719,3.9780193136463167,3.046685943139553,4.474545301629067,4.065298931432724,3.6952591107616426,3.7098149822483064,3.9478600786457063,3.8083719180355073,4.150264875722885,3.290374891592026,3.521360771490097,3.790098564458847,4.633861617876053,3.967646198106766,3.7484364674816133,4.263123513890267,3.584707485271454,3.8678091929683687,3.4037920997867586,3.5434917972812654,3.8572939203510286,4.455095397068024,3.538190560174942,3.7889270649681093,4.0371370778808595,5.8984512851963045,4.534390555454254,3.5859126017818452,4.5646993683109285,3.5588723586330415,4.299721972776413,3.8772192762622835,3.1121422217617036,3.8805276320705415,3.3974415229091646,3.3718807862529756,4.125132994485855,3.742959039045334,3.8980069623718263,3.524222420288086,3.868873255086899,4.160570548606873,3.865483360124588,3.9389131532440187
11953,3.718912021947861,3.9287952945957185,3.7530469463596345,3.8178329931030275,3.9927213953266145,4.241662190986633,3.7556237743625642,3.5941202209720613,3.5728282497653963,3.9564613567123414,3.3910468981990816,3.630543188882828,3.577740268541336,4.31195105774498,2.936318265033722,3.579799072576523,3.5910424159297945,4.0566299722919466,3.523645655942917,3.556945698095322,4.047587590051651,3.433760480714798,3.156638340784073,4.117689745260239,3.661410288644791,3.71256859762764,3.7355783746967317,3.5189253853092195,3.5523983405361177,3.740371959043503,3.7727655933628084,3.582581715417862,3.4538674519786836,4.15443916781044,3.792516128850937,4.192839400602341,3.6192982362041475,4.165336601195693,3.7076615260372163,3.8326421545276643,3.2506447599658967,3.7327023313770296,4.226009862257004,3.3879949019680025,3.745183901620865,3.8970872030982973,4.00513406260109,3.8085552619228364,3.725389288497925,3.999716119600296,3.8139836357364656,4.265213088823319,4.071487011147499,3.905338303876877,3.866743700338364,3.734876112771988,3.5558661983737947,2.978949026895523,3.205457465482712,3.7573374078998567,4.0057184265384675,3.7467782364616395,2.5449961589107515,3.6687060461769105,3.023767189813614,3.294653968645096,4.212712900472641,4.140881733728409,3.6354544327983858,4.269358353448868,2.3439391122589113,3.733976559473038,3.7870764301548006,3.5334401295909883,3.9553824828395845,3.9883794353733064,2.838292555643082,3.7414675520191194,3.4869687126407625,3.5041179822216035,3.4422973559627534,3.620146171880722,3.9729468391666414,3.645444707704544,3.5471823380718233,3.9246208236942293,3.688677506280899,3.274888174367905,3.970467881990433,3.4712723658809663,3.8817204998264314,3.673659162355423,3.3042255209217073,3.9625783131847383,3.260075645280838,3.740167574716568,3.7148190902004243,3.5993875430355073,3.57868392927742,3.735452012849808,3.37342544062233,3.2952814863452913,3.806709782911301,3.678722696138382,3.739402787519455,4.230337576700211,3.672064857316971,3.6483044789562227,3.3236661718616487,3.277860002351761,3.6969590948352815,3.7736851142177583,3.571175889802933,3.987551348043442,3.6640049309859277,3.754120724035263,3.5925340221652986,3.530989305807114,3.2582126425037385,3.829015748334885,3.352700548006058,3.1165842579135896,3.157007084918976,3.536062555147171,3.550064639879227,3.630890564752579,3.5784868763217927,3.526637213064194,4.002765582633972,2.6602333055267335,3.8373966978321077,3.854217605424881,3.989273564649582,3.98902602655983,3.6990318463573457,4.3475591109523775,3.5540359185466768,3.6425088213214876,4.354383067918778,3.829623179269791,3.846030490232468,3.7870345876941682,3.406916932893753,3.7010787294635774,3.1211722062358858,3.375546769929886,4.161073939634323,3.6081031428108217,3.7304199503192903,3.395605282617569,2.3795852826366426,3.6694365309009553,3.9029416607151033,2.645284252000809,3.7097693250904085,3.3244108722934724,3.4741934703121187
12309,3.6426094339618684,4.723500745130539,3.83284230692482,3.5135189162025453,4.7473761306533815,3.620419816804886,3.5941202209720613,3.7556237743625642,3.9292252228984834,4.04232432110405,3.691616253686905,4.047728793455124,4.031963364912033,3.6362137363681795,3.3698257373104097,3.724485533071518,3.5864377187023164,4.84164722426033,3.690620081258774,3.794648425413132,4.68058617575264,3.622008042169571,3.6358522938022615,3.8023890422115327,3.9503011868724824,4.043033556772232,4.112190680337906,3.506951706243515,3.7816116379032136,4.167605476213455,3.9498112366924287,4.007554309202194,3.6472048328647615,3.639103190732956,4.870833532644272,3.812482075525284,3.5911759303340913,3.4987700560519697,3.862895207239151,4.092476861310959,3.9769193695316316,3.8053660557994844,3.674838201833725,3.9449494646320344,3.7493851350078584,3.948143796754837,3.872657971216202,3.8885706828365327,3.5477936135063173,3.716835992170334,4.0413112209568025,4.0728188918361665,3.504475759101868,3.869102256132126,3.562030153108597,3.699718491865158,3.726202742887497,3.499285952878952,3.9400242136249544,3.9555534289608003,4.006607996059418,3.5174868272075654,3.06681128008461,3.626614736152649,3.330273525548935,4.104761020971298,4.338988916707993,4.862320678068161,3.5126761363277437,3.8945540354976655,2.486015485359192,3.9291674063930513,4.090485470129013,3.784759418798447,3.6623816655406953,3.9751379655132295,3.362301604581833,4.140586035085678,3.6494994924793245,3.655000524354935,3.731616632772446,3.8326439426670076,3.9997942612895967,3.8457996414432527,3.6777373121509553,4.440411822629929,3.9674586222896577,3.601297752691269,3.828774766756058,3.947919325662613,3.6955881284008028,3.713942603899002,3.732769326997757,3.8237704799900056,3.4830278919467927,4.333365576101303,3.5610388682613374,3.8252664373645784,3.9985647962818147,3.7246509955654146,3.7890800402889253,3.8458464310894014,3.4905638859996797,3.8811794088611604,3.5897245572338106,4.319182472063065,3.4529941247234346,4.103290157152176,3.845137731863022,3.888034539056778,3.6067422793636323,3.8261360095272066,4.158982651067734,3.7296703921089174,3.038554021848202,4.073305206132889,3.7589817212352754,3.7575874493846895,3.234311418367386,3.837604181600571,4.012288706136704,3.750545458627701,3.610235022140503,3.629951910806656,3.568715052438736,4.301463024450302,4.016729848218918,3.2659309671649934,4.077183501554489,3.14020537002182,3.973854796720505,3.6746271417865755,3.6578488515148164,3.802377240491867,3.9257605837116243,3.924287812543869,3.8496180341968538,3.7106506393680574,5.205388741327286,4.392462270093918,3.7109179065952302,4.175278560949326,3.347087161375046,3.9273858533630372,3.903225974870682,3.627131299806595,3.6130633519420625,3.646247999502182,3.433521644903183,3.708376304937363,3.064069526029587,3.577162103487015,3.678121940923691,3.2777117656002046,3.74733080132103,3.4707228110561372,3.6954904959926607
12923,4.296906785799027,3.9012867973575593,3.9386392400989534,4.22833489043808,3.635573612285614,4.5298599766025545,3.5728282497653963,3.9292252228984834,3.7556237743625642,3.764467553926468,3.8098213241825105,3.13469036085701,3.5239796803722383,4.609784172607422,1.9498996005783082,3.554449574781418,4.182652460170746,3.2978409693965913,3.7938906119594575,4.333882989121437,3.8724110291728975,3.8659314082393648,3.8516271875629426,4.52637280685997,3.4134512708911897,3.1944714949855806,3.9278938935527803,3.944710211587906,3.671581582857132,3.9199850128421785,3.523802535367966,4.114198939634323,4.034542368484497,4.1933857665786745,4.334799187017441,3.8067475722560884,4.052405850721359,3.162509647888899,3.977535830570221,3.6539783643016817,3.1195540593395235,3.7994946406612398,4.018570082021713,3.819442765546799,3.4721129701862337,3.7911985383758546,3.420955614877701,3.1641348765621187,3.3207499252090455,4.135721789432526,3.767044024301529,4.044524149728775,4.062152588499546,4.133715705705643,3.596969084573746,4.062574105096817,4.2529167102108,4.156995611024857,3.797070162130356,4.138655202222824,3.5018838213214876,3.473527269197464,3.8390790426561834,2.9418222175369264,4.168759511543274,4.4023471639881135,4.402069883180618,4.182919757200241,4.204588131738663,4.755755411220551,3.916257457567215,4.110657529664993,3.937641339136124,3.829896406961441,4.013127462697983,4.162664131952286,3.874660538269043,3.854455189538956,3.8654628561267854,4.081991957260132,3.8108545408973695,4.018082456422806,4.75515927536583,3.9600733683834077,3.789200620485306,3.7104689048061372,4.049779491258621,4.082177476716995,3.7819323108921052,3.9469039009342195,4.0418281720409395,3.733868019414902,3.675001458955765,3.9401741789112092,3.692863689495087,4.002624468637467,4.352713631225586,3.4417820142040254,3.0770343707332612,4.035300628973007,3.569501952959061,4.081599430871964,3.981537686420441,3.915578679872513,4.019482301307678,3.6702432797679903,4.153764622045517,2.9474362300167085,4.009644524885178,3.8901276157627107,4.10825826389885,3.979932563138962,3.8394916222820283,3.8696667717227937,4.3467098863253595,3.374738471342087,4.084492342306137,3.830524490905762,3.6940992639789583,3.5429586337337495,3.297124283147812,3.7719880507717134,2.063334481550217,4.028405623270035,4.207433836294174,4.31851627094841,4.475308255983353,2.7216984794864656,3.4793065057525636,3.911738605929375,4.037627951932907,4.182548837495804,3.8520332740077974,3.830138997865677,3.8436440990695955,3.9701593087444307,3.5112384722957612,3.2048981354961397,3.818378822637558,3.9691183732280733,4.376425461603165,4.02788682444191,3.7565037177333833,3.396756486726761,3.7088121340999605,3.9595734642276765,4.194505648447037,3.423666463924408,4.3518514053354265,4.027798609567642,3.5210156307945253,3.7716927097568513,3.447546975446701,3.6349341438541414,3.9532881544361116,4.140165107084274,4.061408715082169
13139,3.864070849252701,4.564982549978256,3.859083967042923,3.985306815935135,4.479158775640488,3.883323685956955,3.9564613567123414,4.04232432110405,3.764467553926468,3.7556237743625642,3.9011556075344087,3.6333304808864595,3.986927943063736,4.147455112768173,3.355725334716797,3.963783161474228,3.9937337206134798,4.576462285352707,3.700039939714432,3.977526979280472,4.804526882005692,3.9700500534305574,3.680263178182602,4.048469142747879,3.717468159032822,3.968616919351578,3.8326836989650728,3.6822883651981355,3.8459701107273103,4.066281663013458,3.84344656927681,3.946006553007126,3.748689668012619,3.840086715055466,4.916095690561295,3.8445012138614656,4.0185122059116365,3.2807600775191785,3.9019706414470674,4.033613936735153,4.0295200513134,3.726653950048447,3.740259902311325,3.946973042322159,3.7787839339504243,4.0356753037700654,3.816817717386246,3.5687111781368257,3.5504411922225954,3.711689965559006,3.729381935430527,4.084942536188126,3.7071904705295564,4.046164409948349,3.8051304386386873,3.78821762068367,3.895148889852524,4.117216186357498,4.110197024179459,4.001779870820999,3.8574293719062807,4.159634494913578,3.253597216440201,3.4262061582336427,3.5697419212589265,4.317264931035996,4.313870148492813,4.894261972738266,3.7679172323474885,4.132483320070267,2.9175439344177247,3.8534399436244966,3.915416555238724,3.8835366533527376,4.035584466291428,4.058049695325852,3.5191597507724763,3.9867704079875947,3.586039798093796,3.9400669501552583,3.8609743879566194,3.9013419316539766,4.326967315507889,3.997981386018753,3.8014149235019685,4.417487399412155,4.039558665586472,3.851704077554703,3.684757010770798,4.018300728631973,3.775514619184494,3.706367628408432,3.8559371398220064,3.8124832676181795,3.8108878300914766,4.23096139891243,3.9132820533046724,3.981394188238144,3.967802421880722,3.8949796722660066,3.770481066537857,3.9422735141048433,3.655345009399414,4.062250094247818,3.721225695444107,4.134403602910996,3.6789245770702363,4.443009929491043,4.008353428674698,4.2509911225566865,3.852403597665787,3.894919292760849,4.174532430006027,3.5964291857013704,3.483874598277569,3.936062650514603,4.06533046228981,3.862598316503525,3.3288507626781465,3.841882424188614,3.8186590240726472,3.960544900728226,3.377494627369404,3.926153378320694,3.722868101430893,4.506506876779556,4.29051585657692,3.2158160970935823,3.8592840002307893,3.6293701992759706,4.005354778600693,3.902081923318863,3.9090771840343477,3.764879422021866,3.9501149223575593,3.888066129518509,3.92617567045784,3.539839582277298,5.140460567308426,4.146592871976853,4.067257063222885,4.211709933115006,3.635077016187668,3.655178801847458,3.905267433954239,4.047847645116806,3.8733882175216676,3.90310175879097,3.9370236562023164,4.036036925149918,3.3228232131729127,3.928318338228226,3.5676982568035127,3.4951631890068056,3.9316159055957796,3.834809498620987,4.110550062490463
13315,3.8341579602489473,4.16048701269722,3.6666110323200227,3.8260595069656373,3.9645882712135316,3.5509335563907625,3.3910468981990816,3.691616253686905,3.8098213241825105,3.9011556075344087,3.7556237743625642,3.590425031019211,3.7109040783176424,3.881107287240982,2.716023551059723,3.401491539312363,3.8738002346286775,3.9561377928981782,3.7081805632839204,3.834054486585617,4.185322837663651,3.7061563299427034,3.5350861118564607,3.774418728185654,3.4210016892681123,3.564495997262955,3.7948391006717683,3.4886701868305208,3.5476967857608797,3.8025054798851015,3.760873155427933,3.780934827161789,3.7597013877162935,3.6990014479885103,4.722280280424118,3.630906717611313,3.9318837092647554,2.9791119375655652,3.8447090552577974,3.735380070043564,3.5597860978374483,3.784514205289841,3.521908538175583,3.8090880678424837,3.3221697376499177,3.810936229063034,3.5144084857234956,3.6682497428188325,3.260940180850983,3.77430035336113,3.4862697289714815,3.819184796644211,3.832875447107315,3.8325731323490144,3.374043719602585,3.7007716463336946,3.7416533396968843,3.999625937772751,3.8287251756916048,3.9337877200374605,3.6367408500442506,3.617803768945694,3.4178845451602937,3.0276185141334535,3.5588150785694124,4.184768216444016,4.151024596525192,4.368897275758743,3.873579280210495,4.018777446580887,2.82061343057251,3.7976341412792207,3.681493179632187,3.6130861805210115,3.73224838240242,3.952106909585953,3.295855777097702,3.7501411603221895,3.55123008949852,3.697969274354935,3.6461160348186494,3.776872055364609,4.066025631261826,3.7872452305088045,3.6285447643527986,3.859326796365738,3.894600586725235,3.8409314320812227,3.590542869401932,3.9282286928424837,3.7699517772922517,3.5912993119487764,3.754238025976181,3.555003123117447,3.720120804143906,4.0609181092510225,3.7852289841899873,3.5970127747783662,3.5492152736911775,3.6055305765399934,3.6399928496608736,3.8225431607494356,3.495725141597748,3.711512164903641,3.679523842168808,3.793000416589737,3.5842406914958955,3.574005888534546,3.7317233250865938,3.6788507269153596,3.642862396074295,3.621695773435593,3.826883213354111,3.4923403428325654,3.6936655582318307,3.728094296289444,3.8129255936870576,3.8274145291576387,3.4065641330013277,3.63738252384758,3.661344902349472,3.8910334275493623,3.0864310429821016,3.7586562798748018,3.712479429079056,4.064891593290329,4.090969936681748,2.8448300526866914,3.8466217683086397,3.3762155042419435,3.8833530114421846,3.668702559305191,3.577024655176163,3.6574751303920747,3.753887789083481,3.6682534979114534,3.8260640667209627,3.2059328721294404,4.4961857960948945,4.070030407739639,3.792614834142685,3.988078610731125,3.5580539272556306,3.2948277161846162,3.9083877371082307,3.8619139061698915,3.7682181761989595,3.6207185850868226,3.7647038863430025,3.5111353562603,3.1813495324382783,3.556351499391556,3.4388541148433687,3.1871712373027803,3.8275531695613862,3.6725790069828035,3.725684242082596
14794,3.639687018228531,3.9884054826030733,3.6059174106845857,3.780389027429581,3.763739423585892,4.254549266530037,3.630543188882828,4.047728793455124,3.13469036085701,3.6333304808864595,3.590425031019211,3.7556237743625642,3.5423962639102937,4.397137077284813,3.307915972305298,3.8241470621356966,3.402859763933182,4.1076365278491975,3.274458722902298,3.502128856016159,3.984018997980118,3.4729197190532686,3.0562998221645357,4.0225803421268465,3.450017111135483,3.747307913137436,3.5214119718799592,3.3562125728855134,3.6227908299694063,3.524890498949051,3.583161310983658,3.5116431282291414,3.0724399255046846,3.836092369390488,3.6245148943195344,4.332978890968323,3.845490948987961,4.112753061337233,3.4625342653522493,3.675772325826645,3.7931948469409944,3.4533388779888154,3.9907082186470033,3.182116823030472,3.8598107264766695,3.5153605209121705,3.5076490209827424,3.831253783536911,3.781705217195511,3.6725341246852876,3.820072667432785,4.345831172300339,3.7619955108890535,3.7183225320110322,3.7577012346515657,3.5922983453998567,3.5969309376010896,3.130946831537247,2.8652399943599702,3.5762666033039094,3.7736115620861055,3.490437524152756,2.3700508640537263,4.068761022521019,3.1278359459171297,3.268345670534134,3.8256147669086458,4.042918758226395,3.3175593183765413,3.9865438507328035,2.258250342441559,3.3652029798755647,3.7301898167858125,3.5493566559085847,3.927974598241806,3.981963472200394,2.48886676294899,3.394207911325455,3.1920446918735506,3.706486241651535,3.4243719146976472,3.8000126646289827,3.7662000225315095,3.766903416944504,3.1718369887599946,3.878091173006058,3.501189188791275,2.94833542568779,3.817142205072403,3.2490990923175813,3.589592532945633,3.278830723596573,3.086843864751816,3.9710136221179964,3.1505745218524934,3.701073841882706,3.671637074781418,3.4515856073627473,3.683093147111893,3.4035085008869173,3.592943625284195,3.237791495157242,3.2629926965961458,3.7360357211360933,3.586559848619461,3.8060734437236787,3.5434079335460664,3.47156335575676,3.3839827345142366,3.4771658943424226,3.642947630716324,3.914919512105942,3.786657767129898,3.841851966215134,3.3977837653288843,3.648078040910721,3.6786098645458223,3.5242582724819185,2.635279016328812,3.599872426820755,3.6708607242832185,2.800667242837906,3.292876673621893,3.7088808582553865,3.3093953893909456,3.7897749708423616,3.862440900636673,3.4944353864917757,3.5979379878768922,2.727318810058594,3.860714392496109,3.8911894725093843,3.9893163309822084,3.542806403470993,3.444357828927994,4.02675886614418,3.712497131658554,3.6773551867733003,4.405270056558609,3.5456354187259675,3.7361187504062654,3.871751742197037,3.165458457304001,3.678687112165451,3.3493288324604036,3.7527496979961397,3.679268078638077,3.975683869553566,3.4746278689632417,3.368495898080826,2.2994026706943513,3.452559845281601,3.8779588506946565,2.470340208841324,3.538962261510849,3.276700095964432,3.5899076627025606
14899,3.8547824786434175,3.7941861913928987,3.7542153166065217,4.117109464241028,3.692443923784256,4.1642238066921236,3.577740268541336,4.031963364912033,3.5239796803722383,3.986927943063736,3.7109040783176424,3.5423962639102937,3.7556237743625642,4.338015155626297,2.9138958917388917,3.5103764699230195,3.77167047722435,3.509195165468216,3.37678237421608,3.6741173432598115,3.8194417522678377,3.5216851995716096,3.065441148115158,3.9725222156772615,3.3101681040058137,3.575996832681656,3.440778808427811,3.494304971529007,3.60332091314888,3.6058688925037385,3.8346408770809175,3.572588162256241,3.6115496323833467,3.983010845018387,3.4939583109149934,4.337675528360367,3.656580524278641,4.199358133358717,3.7106043861637117,3.581091718507767,3.469764845205307,3.8252176211605073,4.079045848680496,3.2696052358875276,3.6420104072818758,3.9818737374076845,3.7211582229862215,3.918478863073349,3.650216744972229,4.090598718954086,3.4245862530002595,4.35763855440712,4.174567715955734,3.742047505212784,3.481516318155289,3.6833354995975496,3.274184303117752,3.0700585411319734,2.696201042963028,3.6077721880207063,4.007859365774155,3.9777685569057466,2.7333691881427766,3.6311614976654054,3.2290389703044893,3.1913538740406038,3.9893979595432283,3.538070158792496,3.3897463844547273,4.257649140192032,2.439332412315369,3.458165006471634,3.6621356771717073,3.3354669378528596,4.142006532979965,3.8668506906757356,2.6260481642017366,3.542479233575821,3.522241906953812,3.54560823900795,3.692051725221634,3.4835940168628694,3.8453862236270906,3.6144886778125764,3.451897518468857,3.4443854854831697,3.6123845146427156,3.1239002512226106,3.749532775712967,3.4736637638339998,3.8989159630069734,3.481473760438919,3.133308307958603,3.7893479631671907,3.4088617132434846,3.728688793016434,3.75430204136467,3.4579390452632905,3.531513647867203,3.564204053712845,3.2948324845561983,3.2091974781284334,3.5584607885608674,3.633906202150345,3.7115364835987092,3.8869573043117525,3.7965228126773836,3.595050470663071,3.285114722085953,3.286002354455948,3.559857325387955,3.580774621797562,3.4541887806186677,3.952944354845047,3.7798255027661325,3.698453740907669,3.7041570709476472,3.593402461839676,3.06830008490181,3.636486606431961,3.4898463056812288,3.177153067422867,3.4227157400379182,3.636125759912491,3.4520502851734163,3.385909156633377,3.6985008285770418,3.127830760313034,4.0208107100257875,2.640032933784485,3.84987111551857,3.8105046914348604,4.14039708836174,3.8997892902622224,3.3524761961231233,4.149776713682175,3.70116426212883,3.4373849199543,3.9311945007572175,3.7620477245578767,3.8704220817813875,3.623179154230118,3.559320466352463,3.4418493674526216,3.3835085199604036,3.903059618307114,4.011715667081833,3.9057476685771944,3.7750909493694307,3.0419571564922334,2.210756616426468,3.520907299352646,3.9365830586681367,2.4406324194202424,3.6718712018260957,3.2521545456180574,3.509799914194107
