,10108,11522,11618,11838,11933,11943,11953,12309,12923,13139,13315,14794,14899,15940,16703,16918,17486,19437,19934,20055,20821,21109,21280,22588,24203,24641,25269,25319,25372,25589,26352,26910,28160,28596,28756,29382,29838,29887,30408,30431,30564,31234,3158,3172,31802,31838,32054,33246,33544,34127,34239,35987,36577,36624,3683,36946,36975,36979,37060,37222,37225,38247,38642,38818,38830,38979,39403,39842,40549,40722,40841,40910,40925,41138,41567,41654,41711,41815,41928,42172,42215,4250,43951,43985,45214,45844,45946,45982,46807,47688,48261,48531,48680,48682,4931,49467,49980,5035,50654,50812,51186,51522,52071,5302,53153,53156,53728,53774,54079,55006,55164,55406,55409,55527,5603,56155,56270,56868,59047,59586,59818,60187,60252,60306,61678,6200,62007,62961,63932,64296,64499,6490,65377,66217,66581,67238,67296,67803,6802,68279,69215,69615,69855,70096,71242,71754,72016,7208,72210,72720,7655,7841,8007,8510,8808,9028,9435
10108,0.0,0.7439911644905806,0.18839929811656475,0.20992941223084927,0.7849321346729994,1.0647201966494322,0.2860649097710848,-0.197264501824975,-0.5041743833571672,0.15188500843942165,0.049315933138132095,0.033471984788775444,-0.18123739399015903,0.14589381031692028,0.24051461182534695,0.285838371142745,0.15187439508736134,0.15830513648688793,-0.3192064445465803,-0.038146281614899635,-0.012085454538464546,0.1932732407003641,-0.339879235252738,0.8515120130032301,-0.19657654408365488,-0.3019705358892679,0.03930302523076534,-0.1643280927091837,-0.6439276654273272,0.17991010658442974,-0.4111426640301943,-0.5577357751317322,0.13380013220012188,-1.196127401664853,-1.1549796713516116,-0.14808321930468082,-0.04094661585986614,-0.9748373869806528,-1.2413976349344011,-0.2431334350258112,1.599216949660331,-0.48528110329061747,0.08301000110805035,1.5318562369793653,0.21434090845286846,-0.17873655445873737,0.08013799600303173,-0.492191303987056,0.02563408575952053,-0.2675345268798992,-0.24579495377838612,0.1161511242389679,0.011390594154363498,-0.13877700082957745,-0.9610650558024645,0.5223329197615385,-0.22327066399157047,-0.33424449153244495,-0.7107826266437769,0.0412276666611433,0.12513530440628529,-0.2727232091128826,-0.3160064686089754,0.36265973560512066,-0.22738785482943058,0.05408851057291031,-0.32870534248650074,0.3400944899767637,-0.8174707982689142,-0.1862464640289545,0.20974197797477245,0.4796228129416704,-0.2826043189270422,-0.07874971069395542,-0.770013215020299,0.31532110273838043,-0.8042158801108599,-0.3719117343425751,-0.2776490766555071,-0.757257642224431,0.08785244915634394,0.23282053135335445,0.16257464326918125,1.3957694303244352,-0.4102562125772238,-0.8542624209076166,-0.05261264555156231,-0.5163657311350107,-0.20672244019806385,-0.8589241523295641,-0.005545930936932564,-0.29638425819575787,-0.9491294343024492,-1.0323620904237032,0.3177237492054701,-0.5685980711132288,-0.5049036778509617,0.2885668193921447,-0.0673674400895834,0.15685667656362057,-0.4860121477395296,-0.9924670029431581,-0.4076328296214342,-0.40393764711916447,-0.42636518692597747,-0.4160764794796705,0.15263965539634228,-0.05991561897099018,-0.15892554633319378,-0.8268070761114359,-0.13961620070040226,-0.3810247201472521,-0.555935638025403,0.5461480300873518,-0.3755256626754999,0.6956585180014372,-0.17541072703897953,0.13733003847301006,-0.30512930639088154,0.0011315913870930672,-2.4291697163134813,-0.23787410953082144,0.4880013968795538,0.04765987955033779,0.42110161297023296,-0.020687269046902657,-0.17279483564198017,-0.13000848330557346,-0.35654985904693604,-0.26521403528749943,-0.15327191539108753,-0.31666664965450764,1.4091341625899076,0.035157993668690324,-0.5093359155580401,0.5814070198684931,1.0603768061846495,-0.2164131235331297,0.3758635353296995,0.4261212479323149,0.1504043322056532,-0.4841525424271822,0.22447451762855053,-0.07130902446806431,-0.42767634242773056,-0.5408740881830454,-0.11020061559975147,0.2140339482575655,-0.01585495565086603,-1.2163706291466951,-1.9489161688834429,0.07438894920051098,0.2475039716809988,-1.5111624617129564,0.07482003979384899,0.08372168056666851,-0.31776092760264874
11522,0.7439911644905806,0.0,0.9246036559343338,5.0143285393714905,3.3262869715690613,-0.36421798914670944,3.841453418135643,4.659197077155113,1.300536423921585,1.1178895384073257,1.0201148632913828,2.069926954805851,2.0587169006466866,2.49959933757782,2.2457579970359802,3.4113653004169464,1.8056257627904415,-0.4462421387434006,0.28354725637473166,2.234106421470642,-2.616786628961563,-0.3123115971684456,0.47437329962849617,4.921102344989777,2.829079285264015,0.9653401151299477,3.929708495736122,-0.4868161976337433,-1.2499703168869019,2.808351308107376,0.9075270593166351,2.3834693655371666,3.9246342480182648,1.8317130133509636,2.939826793037355,0.10483890771865845,0.19929006695747375,1.575115166604519,0.675918939668918,1.7302281633019447,-1.6732010692358017,1.5815595919266343,0.5463343262672424,4.653249979019165,2.9366699159145355,0.7237220406532288,1.4790656566619873,2.50640556961298,1.1136997193098068,3.0792780686169863,1.2118355482816696,1.7856031861156225,1.235605380818015,1.7708190730772913,1.1758334711194038,-2.7124282964505255,1.7073186933994293,1.334958903491497,-0.11680759117007256,1.5896596759557724,0.2550556920468807,0.584212988615036,2.706146851181984,0.11596771329641342,0.2793220579624176,1.5599564984440804,0.4939521625638008,0.02822113037109375,3.4829926565289497,2.40978966653347,-1.431403249502182,-2.491755049675703,3.21418041549623,0.15787558257579803,1.1298895925283432,-0.3226374667137861,3.1039269990869798,2.056577403098345,0.96570735424757,2.3548338785767555,1.1690148888155818,-0.5413190498948097,3.573237806558609,0.0016877949237823486,1.0340302176773548,0.756297267973423,0.32518821954727173,0.18231428414583206,3.3821280747652054,2.3898019939661026,0.9790906459093094,1.1096346899867058,1.431395262479782,0.8540531545877457,3.228551968932152,1.893027214333415,1.0609926655888557,1.97870372235775,0.7116652876138687,0.6973352432250977,1.7751408964395523,1.9337576925754547,-0.16921114921569824,1.525160551071167,0.9490293338894844,0.9473597034811974,2.626391679048538,2.7816074192523956,3.2989523112773895,0.28678255155682564,0.907052144408226,0.8365632183849812,2.989929474890232,-2.652185805141926,2.8032986130565405,-0.4042910635471344,1.8132812604308128,3.88333922624588,0.33347222208976746,1.8132260590791702,0.2987622022628784,-0.008939653635025024,-0.5055065751075745,1.000649981200695,4.79786142706871,0.48079247772693634,-0.1750800609588623,2.2546374946832657,0.7021183329634368,0.454328790307045,0.6010236144065857,1.9372538961470127,-0.3956531286239624,0.7240219339728355,2.2713947147130966,4.788556292653084,5.486399412155151,0.2775425612926483,1.6489904448390007,3.2464574575424194,1.6251024678349495,1.7543190568685532,0.6999879106879234,2.8547310680150986,1.5197255164384842,0.45819513499736786,0.6333926189690828,1.489381916821003,1.255423691123724,1.7222791574895382,-0.10202330350875854,2.4336063265800476,1.7043145149946213,0.8309838771820068,1.6751122772693634,2.0029076039791107,1.0663055442273617
11618,0.18839929811656475,0.9246036559343338,0.0,-0.5305994730442762,0.5416734367609024,0.9389863908290863,-0.13564927130937576,-0.5924510583281517,-0.29580312967300415,0.03491393104195595,-0.0018849018961191177,-0.3076028451323509,-0.2651936933398247,-0.051903522573411465,0.05926321819424629,0.10103000700473785,0.22130745649337769,0.5182325020432472,-0.034710537642240524,-0.11823536222800612,0.5517455730587244,0.020793497562408447,0.12315969448536634,0.9187028259038925,-0.49056868255138397,0.11139591783285141,-0.372174397110939,0.04650343395769596,-0.52320896089077,0.3221886232495308,0.009050292894244194,-0.727489210665226,-0.21831349283456802,-1.3453249782323837,-1.5734022790566087,0.13120508193969727,-0.39369116723537445,-1.0100007131695747,-0.8878036726673599,-0.5309941917657852,2.034341499209404,-0.6457581287249923,-0.24491737317293882,1.6912700086832047,0.035793671384453773,-0.192922230809927,-0.37168537080287933,-0.745747547596693,0.16827692836523056,-0.6133921965956688,-0.2044414058327675,-0.058865681290626526,-0.6276273733528797,-0.2542869746685028,-0.9055071473121643,0.6937899440526962,-0.1721902210265398,-0.17719979211688042,-0.7718101665377617,-0.3548499867320061,0.11960631981492043,-0.01586700975894928,-0.3091949988156557,0.2357364073395729,0.033235810697078705,-0.08152813464403152,-0.42886654287576675,0.8718196004629135,-1.3875669986009598,-0.2384118102490902,0.37667882442474365,1.1465931087732315,-0.5570587255060673,0.005557388067245483,-0.7178486585617065,0.5661439597606659,-1.1011118702590466,-0.2442055493593216,-0.22783226892352104,-1.008654922246933,-0.0825336892157793,0.6606103773228824,-0.051422134041786194,1.065146580338478,-0.32593102380633354,-1.062086708843708,-0.058712437748909,-0.39581624418497086,-0.6517766639590263,-0.41952207684516907,0.2486800877377391,-0.3297312334179878,-1.3812790364027023,-1.1634632647037506,-0.03811628371477127,-0.8139569312334061,-0.6035923287272453,0.13341066986322403,-0.18921806290745735,0.19019998610019684,-0.9952314347028732,-1.0275931507349014,-0.2301906794309616,-0.7009970545768738,-0.34738121926784515,-0.5265345498919487,-0.15976915135979652,-0.22643351927399635,-0.15796929597854614,-0.8176970854401588,-0.2610866501927376,-0.10438829846680164,-0.4482038803398609,0.7756484150886536,-0.6382418498396873,0.9404361769556999,-0.1428920403122902,-0.004432767629623413,-0.31711241137236357,-0.017084572464227676,-2.9872174113988876,0.3051154315471649,0.8957918137311935,0.16714151948690414,0.28015829622745514,-0.008484328165650368,0.004262953996658325,-0.7553311735391617,-0.15721350209787488,-0.13977190852165222,-0.07257840037345886,-0.22347772121429443,1.5984925776720047,-0.11687163915485144,-1.1778197884559631,0.2738773077726364,0.8431932777166367,0.061470650136470795,0.26721420884132385,0.2752385027706623,0.036688730120658875,-0.4949011951684952,0.10591491684317589,-0.005255330353975296,-0.30882271751761436,-0.4441372975707054,-0.006433451548218727,0.007760968059301376,-0.1496511921286583,-1.1818725354969501,-1.843218669295311,-0.3220679983496666,-0.19859232008457184,-1.77024544775486,0.05049976706504822,0.2844061891082674,-0.35232072696089745
11838,0.20992941223084927,5.0143285393714905,-0.5305994730442762,0.0,-0.667468249797821,2.3282402753829956,-0.2684522271156311,-0.05145883560180664,0.6578794419765472,-0.867805736605078,0.01647879369556904,0.42426007986068726,0.4172690212726593,-0.1635439693927765,-0.42360615730285645,-0.24268841743469238,-0.7792746424674988,-0.10293139517307281,1.0727198719978333,0.4203769862651825,0.999672532081604,0.5309949219226837,1.210975021123886,0.15117841958999634,-0.06362956762313843,0.33266670256853104,-0.1591600775718689,-0.3024488687515259,-1.2878357768058777,-0.4034827649593353,0.7197540998458862,0.374859482049942,0.1327681541442871,0.5162208117544651,0.0874484395608306,-0.7259604930877686,2.7850508242845535,0.8954619280993938,1.164929465536261,0.33370763063430786,3.4486313462257385,0.5109565937891603,-0.7100154887884855,-1.2646743953227997,0.07141852378845215,-0.7292849645018578,0.05126243829727173,0.3118252605199814,0.06581973284482956,0.5742327570915222,1.131574124097824,0.4162577688694,-0.6935755616577808,0.28158898651599884,0.7226824648678303,1.0107401907444,0.1456567943096161,0.7793443202972412,2.4163039699196815,1.0613681133836508,0.6610020883381367,-0.44167593121528625,0.42956259846687317,0.3452163264155388,0.14179375767707825,-0.8155332282185555,1.0619120057672262,2.889936685562134,0.3799266517162323,-0.0425567626953125,1.09703628718853,1.07427179813385,0.08966660499572754,0.12476269155740738,1.6937791556119919,1.7686150297522545,0.17098793387413025,0.24433395266532898,0.46255161613225937,0.4822050482034683,-0.7208729283884168,1.34822928160429,0.044863760471343994,3.3193328976631165,0.9236128740012646,1.5319354310631752,1.376881867647171,1.4304962307214737,-0.1680881381034851,0.6640309393405914,0.7386889755725861,0.34544579312205315,1.3573732376098633,1.661500260233879,0.2170659899711609,0.7458183541893959,1.3247685208916664,0.4492471069097519,0.006171192973852158,0.16358307749032974,0.7163063436746597,0.7122929070610553,-2.226458489894867,1.2386824786663055,-0.13205692172050476,1.3945216163992882,-0.12038415670394897,0.1076517105102539,0.6102533936500549,2.703244097530842,0.12804213166236877,1.3282002713531256,0.2334720492362976,1.5640674531459808,0.4884026050567627,2.2635991778224707,-0.09366851300001144,-0.16216540336608887,3.3596074357628822,0.016589432954788208,1.5389532446861267,0.15169289708137512,4.5685505867004395,0.9978797473013401,-0.10725212097167969,-0.06949300318956375,-0.18081963062286377,0.5693182349205017,0.6265803389251232,1.4433414665982127,0.2264057919383049,0.3546789884567261,4.181776762008667,1.3039207346737385,0.5004572030156851,0.4606062173843384,-0.8644537329673767,0.7273819297552109,0.7069951593875885,-0.29349976778030396,-0.3353564888238907,0.9679620116949081,3.819525660946965,0.7565715610980988,0.3693220615386963,2.4402481094002724,1.164342607371509,-0.4914318174123764,0.5394790694117546,0.4727662019431591,2.8711012303829193,-0.3395703136920929,1.1520548313856125,1.0162996053695679,-0.027872920036315918,1.2785215079784393,1.377991821616888
11933,0.7849321346729994,3.3262869715690613,0.5416734367609024,-0.667468249797821,0.0,2.820769678801298,-0.39971426129341125,-1.2344131171703339,-0.03610795736312866,0.1363861858844757,0.4835724364966154,0.2690076529979706,-0.16866394877433777,0.15041226148605347,0.2165350317955017,-0.04790079593658447,0.38227030634880066,0.9027204364538193,0.9288076236844063,-0.11878913640975952,2.160612240433693,1.4100513458251953,0.5468923002481461,-0.5865915417671204,-0.16502788662910461,0.5876615419983864,-0.4039742946624756,1.0387032628059387,0.2768406271934509,-0.3319825530052185,-0.24105826020240784,-0.8153913915157318,-0.28890445828437805,-0.5660256594419479,-1.323513158597052,0.7659307718276978,1.6323899775743484,-0.40336427092552185,-0.3883346084912773,0.367245614528656,4.393064200878143,-0.03170905169099569,0.3546040952205658,-0.03335714340209961,-0.20296692848205566,0.3954545855522156,0.517983078956604,-0.3649466037750244,0.835857542231679,-0.8145032525062561,0.35193999111652374,0.19505566358566284,0.3305750185099896,0.31666426360607147,-0.058491408824920654,2.8168508410453796,0.10836032032966614,0.3865927904844284,0.9692072495818138,0.14872942864894867,1.464078325778246,0.3659798502922058,-0.6193155944347382,1.722354106605053,0.7720658183097839,0.07445619255304337,0.8737710402347147,2.424118399620056,-1.6889002919197083,0.0038576126098632812,2.262601062655449,2.943151116371155,-0.5969481766223907,0.7071535736322403,-0.2173725739121437,2.3451226949691772,-1.0844663679599762,-0.11843088269233704,0.34001974016427994,-0.8490277528762817,0.32254089694470167,1.6631821021437645,-0.3648310899734497,3.9010159373283386,0.553565364331007,0.2441951110959053,1.633658029139042,0.6303286850452423,-0.8059831857681274,-0.6764053255319595,0.4154784083366394,0.4084136299788952,0.2013739049434662,0.18650980293750763,-0.06945046782493591,-0.18822381645441055,0.5562513992190361,0.5112000107765198,0.8085549920797348,0.7321966364979744,0.17007554322481155,-0.9586239755153656,-0.3003607392311096,-0.04138663411140442,0.1446397751569748,0.5870247650891542,0.043623387813568115,-0.44385188817977905,-0.8727619349956512,1.0073139443993568,0.7483429019339383,0.6818778291344643,-0.6174798309803009,3.045699879527092,-0.8268042802810669,2.698349602520466,0.1362050548195839,-0.30082130432128906,1.6294227838516235,0.33394870162010193,-1.3140126466751099,0.8388358950614929,3.007542610168457,0.7116904705762863,-0.7298300862312317,0.8876685798168182,0.9650313258171082,0.2268042266368866,0.5624228976666927,0.6768839247524738,0.7952611893415451,0.032342731952667236,3.9683477878570557,1.3286495693027973,-0.25551749393343925,-0.524779200553894,-0.3066912889480591,1.0098139494657516,0.8339833617210388,-0.1784125566482544,0.5106475651264191,-0.3096395283937454,2.69968119263649,-0.4043562710285187,-0.020878463983535767,0.8708947077393532,0.5532312244176865,0.6595857366919518,0.8214414119720459,-0.970857635140419,0.057654380798339844,0.16897991299629211,1.2902905754745007,-0.5375250428915024,0.18864202499389648,0.061471134424209595,0.7271544449031353
11943,1.0647201966494322,-0.36421798914670944,0.9389863908290863,2.3282402753829956,2.820769678801298,0.0,1.8810148537158966,2.58886581659317,0.7158109098672867,1.3863072246313095,0.7112138662487268,1.0179675221443176,0.6494974493980408,1.803543115966022,1.538766324520111,2.2879515141248703,2.1281931698322296,0.9967905357480049,0.6861868053674698,1.3273151591420174,-0.7541021704673767,-0.18563657999038696,0.6173101738095284,3.5841446183621883,1.3793112337589264,1.0622279271483421,1.8517998196184635,0.5024854391813278,0.32048390805721283,2.468361508101225,0.37975465320050716,0.49385184049606323,2.300714649260044,-0.23921425640583038,0.28643522318452597,0.6078545302152634,-0.6555167026817799,0.15660859644412994,-0.10693436753354035,0.6559867486357689,-0.1991046965122223,0.5008928412571549,0.7760757207870483,5.129204154014587,1.9701296016573906,1.11942358314991,0.848046064376831,1.0317282527685165,1.4846677482128143,1.1570186149328947,0.4742640471085906,1.377839557826519,0.9689032429305371,0.3625805116025731,0.11630004644393921,-0.2738911360502243,1.0978962229564786,0.5984383895993233,-1.2213150635361671,0.36101088114082813,0.391820820979774,0.904699794948101,1.240474795922637,0.45489250868558884,1.0337645504623652,1.4257745891809464,0.2736234739422798,0.42681658267974854,0.22217097878456116,1.84063121676445,0.008374489843845367,-0.16254130005836487,1.8214676976203918,0.30062098801136017,-0.14870718494057655,0.24479729682207108,1.0371970483101904,0.9001591131091118,0.3627254441380501,0.6150814890861511,1.325768562965095,0.8956130892038345,2.271537870168686,-0.2609073519706726,0.5510596707463264,-0.7686060294508934,-0.17675235867500305,-0.278195858001709,1.9139916002750397,1.3643571734428406,1.0829336792230606,0.9074035994708538,-0.3525232970714569,-0.5371832400560379,1.4572568833827972,0.4707197705283761,0.3885866776108742,1.278897175565362,0.9890314638614655,1.0757675096392632,0.48826876282691956,-0.17918448150157928,1.0643568336963654,0.16312763094902039,0.8159631174057722,0.25005238503217697,1.4772750847041607,1.9569069147109985,1.4935569539666176,-1.0838432535529137,0.9067518934607506,0.5555443353950977,1.4828224778175354,-0.25570935010910034,1.2874629944562912,-0.0029098093509674072,1.5278461053967476,3.430668592453003,-1.0383136719465256,1.2418957203626633,-2.204205632209778,0.6354418843984604,-0.39467400312423706,1.0626043155789375,3.126035749912262,0.5034085530496668,0.17945697903633118,0.32522016763687134,0.5566988661885262,0.22303007543087006,0.7440924271941185,1.0694229379296303,0.263557493686676,0.22916412353515625,0.14268957823514938,2.861182637512684,4.393327236175537,0.4086865410208702,0.6179143786430359,2.6657255366444588,1.72917141020298,0.30279824882745743,-0.4175102114677429,1.5014907345175743,0.6686894595623016,-0.3499516621232033,0.5624148175120354,0.9948708117008209,0.577689029276371,0.6404762379825115,-2.1237417459487915,1.6155227720737457,0.15053454041481018,-0.7765806317329407,1.2676904201507568,0.4280529022216797,0.3068622015416622
11953,0.2860649097710848,3.841453418135643,-0.13564927130937576,-0.2684522271156311,-0.39971426129341125,1.8810148537158966,0.0,-0.15963923931121826,0.437372624874115,-0.6110346019268036,0.19813835434615612,0.3322269320487976,0.30091142654418945,0.09175485372543335,-0.14170736074447632,0.19925326108932495,-0.04377901554107666,-0.24749882519245148,1.1715247929096222,0.10727536678314209,1.1128158271312714,0.1259496957063675,0.9473691023886204,0.39031898975372314,0.2556900978088379,0.5277169719338417,-0.312874972820282,-0.01697281002998352,-1.1516092419624329,0.06746697425842285,0.6295367926359177,0.20618999004364014,0.256568968296051,0.005971744656562805,-0.2364651272073388,-0.254933625459671,1.743781864643097,0.5452897995710373,1.0262571435014252,0.2721054255962372,2.984733685851097,-0.19415091630071402,-0.8916468620300293,-0.042219698429107666,0.30555373430252075,-0.6146663576364517,-0.10488224029541016,0.06555308401584625,0.3318110555410385,0.1888030767440796,0.3455091863870621,0.4830652177333832,-0.7743097996863071,0.5175219029188156,0.42824429273605347,1.253905326128006,0.4111010432243347,0.6794872283935547,2.2492912551388144,0.32410232722759247,0.8461797125637531,0.025289595127105713,0.3011181950569153,0.12389003485441208,0.0012507736682891846,-0.6998636648058891,0.7941501624882221,2.5675879418849945,-0.16249107476323843,0.5189838409423828,1.3372095078229904,1.1012479960918427,0.33292531967163086,0.09992530941963196,1.0049095302820206,1.7130504101514816,0.09682846069335938,0.4694051444530487,0.4731389507651329,0.1574966162443161,-0.5511766197159886,1.2779973968863487,0.07818597555160522,2.4731465578079224,0.8966579772531986,0.7676635161042213,1.1705550402402878,0.9004483297467232,-0.11447179317474365,0.6444700360298157,0.39939385652542114,0.4616096653044224,0.9498766660690308,1.2550659626722336,-0.02430933713912964,0.48729752004146576,1.0364435836672783,0.6721162497997284,0.22635957598686218,0.20261317491531372,0.2924729138612747,0.4815117195248604,-1.642653152346611,0.3493240773677826,-0.3764273524284363,1.0231660827994347,-0.08079755306243896,0.2048131227493286,0.36983829736709595,1.748039998114109,0.3996845856308937,1.128925859928131,0.5325920879840851,1.3039650321006775,-0.14782527089118958,1.9059346467256546,-0.22014834731817245,0.35980474948883057,2.2678557708859444,0.21634718775749207,0.023130476474761963,0.0714978463947773,3.7145785987377167,0.65090386942029,0.17700034379959106,0.29495710134506226,0.014476485550403595,-0.13399329781532288,0.6878633201122284,1.2580364383757114,0.37014927342534065,0.2926984131336212,3.5218626856803894,1.3103299885988235,-0.04336262494325638,0.30934661626815796,-0.0070362091064453125,0.6293834298849106,0.3676377534866333,0.06450885534286499,0.04496096074581146,0.46527689788490534,2.852758049033582,0.591898500919342,0.20700594782829285,1.8037253133952618,0.7252581566572189,-0.24423447251319885,0.48106488585472107,0.4241109602153301,1.722164899110794,-0.16795620322227478,0.849153995513916,0.4366031885147095,0.21398968994617462,0.8514540642499924,0.8898374401032925
12309,-0.197264501824975,4.659197077155113,-0.5924510583281517,-0.05145883560180664,-1.2344131171703339,2.58886581659317,-0.15963923931121826,0.0,0.23834937810897827,-1.244315952528268,-0.2918276432901621,0.09517481923103333,0.5362385213375092,-0.30206748843193054,-0.5114679485559464,-0.09325134754180908,-0.9616220891475677,-0.852951779961586,0.7591547407209873,-0.3582647144794464,0.6397769451141357,0.029418468475341797,0.883268091827631,-0.406466007232666,-0.15897756814956665,0.3056939169764519,-0.06348192691802979,-0.5063022971153259,-1.340650886297226,-0.6924457252025604,0.38620415329933167,0.19502314925193787,0.0986284613609314,0.6396055668592453,-0.2614869112148881,-0.7402682602405548,2.5199796371161938,0.7363190203905106,0.8339057873527054,0.10085096955299377,2.7907466888427734,0.2819566512480378,-1.1245680302381516,-1.5969886183738708,-0.3603280782699585,-1.16623704880476,-0.07579192519187927,0.22535495460033417,-0.037352681159973145,0.4152320623397827,0.5046064257621765,0.20724156498908997,-1.2800744405540172,0.3661082237958908,0.9825999736785889,0.7735898792743683,-0.23979133367538452,0.5802321434020996,2.3238055780529976,0.9605701826512814,0.5321422107517719,-0.5216048173606396,-0.04718184471130371,0.11878382414579391,-0.670614056289196,-1.204681884497404,0.6477232724428177,2.4613837599754333,-0.08168013393878937,-0.2600499987602234,0.833423838019371,0.7529186010360718,-0.21957939863204956,0.25533050298690796,1.0173108726739883,1.7868547886610031,-0.0712437629699707,0.2553623616695404,0.16335027664899826,0.1742018312215805,-1.1143557922914624,0.8590011224150658,-0.033871352672576904,3.044072210788727,0.6666272543370724,1.3569793179631233,1.1425935607403517,1.2741043642163277,-0.1768186092376709,0.171673983335495,0.2518761679530144,0.16645799204707146,1.3820075690746307,1.1762535721063614,0.23572766780853271,0.3677964061498642,1.09517852216959,0.413290798664093,0.13953308761119843,-0.4735104367136955,0.22798144817352295,0.5278333332389593,-2.3987995386123657,0.7871143147349358,-0.1851341798901558,1.0345712527632713,-0.21524283289909363,-0.22172361612319946,0.4556834101676941,2.578504301607609,-0.36290349066257477,1.1072176520247012,0.004882931709289551,1.1413052380084991,0.36831027269363403,2.1379995942115784,-0.15114771574735641,-0.2082536220550537,2.987008757889271,-0.05630113184452057,1.0164241194725037,-0.03004714846611023,4.215492516756058,0.7977398410439491,-0.3141152262687683,-0.3324768841266632,-0.22149622440338135,0.3312442898750305,0.46859512850642204,1.5684956405311823,0.2406233549118042,0.14718511700630188,4.069679319858551,0.9540788382291794,0.6143823955208063,-0.05664265155792236,-0.7973616719245911,0.5080176964402199,0.9626651350408792,-0.9045923352241516,-0.40877022594213486,0.7811436206102371,3.453920377185568,0.3039631247520447,0.13217729330062866,2.4130822643637657,0.9420130290091038,-0.5356149757280946,0.5967769026756287,0.392120786011219,2.448574483394623,-0.5851896405220032,1.347121648490429,0.8503462672233582,-0.2570573687553406,0.20647305250167847,1.2382748983800411
12923,-0.5041743833571672,1.300536423921585,-0.29580312967300415,0.6578794419765472,-0.03610795736312866,0.7158109098672867,0.437372624874115,0.23834937810897827,0.0,-0.6830619275569916,-0.10881738550961018,0.20574858784675598,0.088706374168396,-2.6673078536987305e-05,-0.258476197719574,0.23012086749076843,-0.3977107107639313,-0.6419366826303303,-0.1527893841266632,0.047848984599113464,0.017827202565968037,-0.4041052460670471,-0.01169942319393158,1.0560441613197327,0.28630468249320984,-0.14770563691854477,0.1902429461479187,-0.6979706110432744,-1.1096107345074415,0.13771605491638184,-0.19564923644065857,0.048742957413196564,0.5742061287164688,-0.15858637541532516,-0.5695333713665605,-0.6684370785951614,0.6009697169065475,-0.43774785846471786,-0.21107146036229096,-0.031768977642059326,1.4361394569277763,-0.050445071421563625,-0.8615931272506714,0.602150946855545,0.24871325492858887,-0.8223152421414852,0.09072966873645782,-0.2177008092403412,-0.026826485991477966,-0.2822403311729431,-0.07477261126041412,-0.10685849189758301,-0.8744798457773868,0.06059487164020538,-0.21326763182878494,-0.36996951699256897,0.11918781697750092,0.093238964676857,0.1352955400943756,-0.07422356307506561,-0.3673230353742838,-0.6858848333358765,0.1348302662372589,0.12123437970876694,-0.2852788195014,-0.7008361145853996,-0.3818877562880516,0.8632245622575283,-0.3249606341123581,-0.08039399981498718,-0.19510474428534508,-0.0012254714965820312,-0.04309934377670288,-0.3955159857869148,-0.11263357102870941,0.5469061359763145,-0.20385801792144775,-0.03219464421272278,-0.2103162705898285,-0.15325868129730225,-0.6262443484738469,-0.1982047000201419,0.17960059642791748,1.5467966049909592,-0.31648023799061775,-0.11308891326189041,0.13263648748397827,-0.013766307383775711,0.14451099932193756,-0.20452794432640076,-0.32321369647979736,-0.2523187883198261,-0.2257055826485157,-0.20319929718971252,0.5381124466657639,-0.22846369445323944,-0.05892021954059601,0.22450102865695953,-0.14301929622888565,-0.38093248941004276,-0.04165084660053253,-0.3759002834558487,-1.310275150462985,-0.2532168924808502,-0.6296287924051285,-0.019605137407779694,-0.19889000058174133,-0.0725109875202179,-0.07711455225944519,0.15254423022270203,-0.34138651192188263,-0.07014749944210052,0.20804652571678162,-0.12122103571891785,-0.22971826791763306,0.7860211953520775,-0.31291433423757553,-0.11854976415634155,0.7073314767330885,-0.16823305189609528,-1.2734863758087158,-0.3963653892278671,1.5832353383302689,0.14230093732476234,0.42801278829574585,-0.45084216445684433,-0.47284503281116486,0.11569064855575562,-0.0008055604994297028,0.08956705033779144,-0.10738258063793182,0.032342761754989624,1.7627807632088661,0.5287174209952354,-0.3630403131246567,0.7126177549362183,0.5478427410125732,0.22191207855939865,0.27250610291957855,0.3945246934890747,-0.31199879944324493,-0.11869589984416962,1.0841614208184183,0.1715937852859497,0.044960156083106995,0.2658883109688759,-0.18841153383255005,-0.3246968984603882,0.04824451357126236,-0.4642600081861019,-0.5338027328252792,-0.27878057956695557,0.5868818089365959,-0.9002691209316254,-0.2163430005311966,0.5343128442764282,-0.005476299673318863
13139,0.15188500843942165,1.1178895384073257,0.03491393104195595,-0.867805736605078,0.1363861858844757,1.3863072246313095,-0.6110346019268036,-1.244315952528268,-0.6830619275569916,0.0,0.03700212202966213,-0.2935618758201599,-0.5399724394083023,-0.058743489906191826,-0.06653839349746704,-0.27119434624910355,0.23319557309150696,0.3399006426334381,0.22135282400995493,-0.49262072145938873,0.8890446424484253,0.3297404497861862,-0.29000286757946014,-0.10303764790296555,-0.5680830031633377,0.11641740053892136,-0.7663609683513641,0.2988937944173813,-0.6989466343075037,-0.20612315833568573,-0.7407251745462418,-1.1752167344093323,-0.35466206818819046,-1.343741551041603,-1.926409968174994,0.20247304998338223,-0.05040524899959564,-1.2933867201209068,-1.2218677390774246,-0.3246699273586273,2.8060095980763435,-0.7585908900946379,-0.05308830738067627,0.906584270298481,-0.33068180084228516,0.14624490216374397,-0.14770270138978958,-0.8748080208897591,0.20223583281040192,-1.2917554378509521,-0.43628206849098206,-0.25729890167713165,-0.16389115215861239,-0.35950440913438797,-0.9361666738986969,1.414746344089508,-0.39361046254634857,-0.2895234525203705,-0.5796036347746849,-0.8725637197494507,0.36667102947831154,-0.3674273192882538,-0.7879652976989746,0.7091826945543289,0.24502693116664886,-0.2022908851504326,-0.29217778891324997,0.9593467265367508,-2.0957082360982895,-0.2471463456749916,0.9358843266963959,1.6861447282135487,-0.9103071838617325,-0.13419853895902634,-0.9727859124541283,1.0442170724272728,-1.3915710002183914,-0.5616784244775772,-0.3846307173371315,-1.3257367014884949,-0.1408519835676998,0.7618957608938217,-0.43186068162322044,1.9179059565067291,-0.3697888143360615,-1.0844321176409721,0.37463802099227905,-0.44717148318886757,-0.8459989279508591,-1.0427314713597298,-0.03305844962596893,-0.28647464886307716,-0.9954416453838348,-1.0304327011108398,-0.504759818315506,-0.7579414322972298,-0.38247836381196976,-0.1982393115758896,0.019414544105529785,0.2713611498475075,-0.9356482774019241,-1.576948493719101,-0.21331189572811127,-0.9645321816205978,-0.34168143570423126,-0.41130464524030685,-0.39250144362449646,-0.6817435771226883,-1.1613952070474625,-0.5335595086216927,0.2809651866555214,-0.2642689049243927,-0.8333466649055481,1.4459286779165268,-1.341057300567627,1.2421701401472092,-0.5336974076926708,-0.3480350747704506,-0.34909839928150177,-0.22179381549358368,-3.086864337325096,0.19129272550344467,1.1953174769878387,-0.1596013829112053,-0.5193268805742264,0.10126964747905731,-3.392994403839111e-05,-0.7379204779863358,-0.22020544484257698,-0.3528329133987427,-3.611436113715172e-05,-0.5657803416252136,2.1259457617998123,0.2750326469540596,-1.3026861995458603,-0.3640933111310005,0.2740701884031296,0.1806294098496437,0.014365807175636292,0.01198793575167656,-0.12725917994976044,-0.9854876697063446,0.7143747955560684,-0.55190035328269,-0.3720984309911728,-0.5624839439988136,-0.11382348090410233,0.16933417320251465,0.09228361304849386,-1.6612593717873096,-1.8149469643831253,-0.07568323239684105,0.057830676436424255,-1.8341041952371597,0.02036119718104601,-0.11055277287960052,-0.40447070077061653
13315,0.049315933138132095,1.0201148632913828,-0.0018849018961191177,0.01647879369556904,0.4835724364966154,0.7112138662487268,0.19813835434615612,-0.2918276432901621,-0.10881738550961018,0.03700212202966213,0.0,0.06030883826315403,-0.29808354191482067,0.06907273642718792,-0.012708884431049228,0.09523146785795689,0.1787650240585208,0.3198943007737398,0.01257270760834217,0.02456907369196415,0.39464484341442585,-0.04711407772265375,0.126950828358531,0.9403483252972364,-0.1908599929884076,-0.09116077236831188,-0.3565129954367876,-0.0703700091689825,-0.8760292585939169,0.5155312586575747,-0.20492303930222988,-0.5415140371769667,0.10409794189035892,-1.132262697443366,-1.28966851439327,-0.21190048661082983,0.07132812030613422,-0.779277054592967,-0.7302951708843466,-0.2700242241844535,1.72335154004395,-0.574324150569737,-0.10372932814061642,1.3960105273872614,0.13908138312399387,-0.2063924204558134,0.006837455555796623,-0.5459645222872496,0.17980309017002583,-0.4488681834191084,-0.16109812818467617,0.06872913055121899,-0.09887919263564982,-0.18265591328963637,-0.6901544388383627,0.6237745862454176,-0.08647430036216974,-0.13733972050249577,-0.3253986593335867,-0.5002174731343985,0.25036233477294445,-0.3446613611886278,-0.22379211150109768,0.46195575781166553,0.09619480557739735,-0.13226722553372383,-0.22298519127070904,1.0272025847807527,-1.1306857001036406,-0.01559516100678593,0.5594724972033873,0.757561469450593,-0.11833834461867809,-0.2261891569942236,-0.5000413078814745,0.5625483933836222,-0.6036107931286097,-0.41254988871514797,-0.22612867946736515,-0.6539510507136583,-0.07026054058223963,0.4483672697097063,0.020478630438447,1.47784823179245,-0.21623271144926548,-0.7428665142506361,0.025296224281191826,-0.3006411846727133,-0.33567786775529385,-0.5231307800859213,0.14164784736931324,-0.18818646483123302,-0.8201169054955244,-0.5097294058650732,0.06465970538556576,-0.5502661969512701,-0.20581856556236744,0.11075482703745365,-0.1849241778254509,0.12204290367662907,-0.08982949517667294,-0.8587329592555761,-0.5916184466332197,-0.5012439507991076,-0.7696546521037817,-0.20742646418511868,-0.020444583147764206,-0.02385647129267454,-0.48688036762177944,-0.4419927727431059,0.009335452574305236,-0.11089296452701092,-0.27259733714163303,0.6824023891240358,-0.4658444244414568,0.8985594566911459,-0.5063200164586306,0.2539999084547162,0.037549832835793495,0.09677968919277191,-2.1882726717740297,-0.04688171949237585,1.166979694738984,-0.01734941266477108,0.37295231595635414,-0.07091744430363178,-0.1274880636483431,-0.4055030415765941,-0.15644065476953983,-0.13448761962354183,-0.13794507458806038,-0.18223576061427593,1.7553356904536486,0.30650749360211194,-0.8521790043450892,0.45839183032512665,0.9236814584583044,0.0523920226842165,0.023268291726708412,0.53400425799191,-0.08780775219202042,-0.5182151030749083,0.6051949802786112,-0.0647857766598463,-0.32802210561931133,-0.4118932168930769,-0.11444890685379505,0.09776056744158268,-0.18370767123997211,-1.0020855981856585,-1.4228643979877234,-0.11485357023775578,0.08991319313645363,-1.2688028942793608,-0.1866369005292654,0.15608749724924564,-0.24150076881051064
14794,0.033471984788775444,2.069926954805851,-0.3076028451323509,0.42426007986068726,0.2690076529979706,1.0179675221443176,0.3322269320487976,0.09517481923103333,0.20574858784675598,-0.2935618758201599,0.06030883826315403,0.0,0.15965217351913452,0.1529669463634491,-0.03567296266555786,0.4013235867023468,-0.04698178172111511,-0.07990893721580505,0.30321851721964777,0.09355804324150085,0.06926989555358887,-0.021312937140464783,0.41258014738559723,0.9449675679206848,-0.020850539207458496,0.317742757499218,0.3535294830799103,-0.23746997117996216,-1.1012174487113953,0.3136211037635803,0.018631547689437866,-0.07616344094276428,0.2531694769859314,-0.23191815987229347,-0.2516730660572648,-0.4468604028224945,0.8489040806889534,0.23148952331393957,0.054745765548432246,0.042444705963134766,1.8142766989767551,-0.03436037804931402,-0.48417357355356216,0.6460287570953369,0.19346988201141357,-0.45823682099580765,-0.018152892589569092,0.07548466324806213,-0.003439921885728836,0.24506860971450806,0.3419785499572754,0.2130230963230133,-0.5034329152258579,0.061896517872810364,-0.09021629765629768,0.26525744795799255,-0.0485076904296875,0.13259577751159668,0.3637781944125891,0.4621077310293913,0.3567611910402775,-0.37615153193473816,0.14111623167991638,-0.15132423117756844,-0.18083423376083374,-0.16261915117502213,0.17733176797628403,1.3345856219530106,-0.1022958904504776,0.21040384471416473,0.273512527346611,0.20832613110542297,0.2794080078601837,-0.17877967655658722,0.1956472136080265,0.6823636591434479,0.07171444594860077,0.11526229977607727,-0.052229143679142,-0.007201358675956726,-0.3148872973397374,0.4669180288910866,0.47010499238967896,1.5203478075563908,0.3381941579282284,0.26068467646837234,0.5037994468584657,0.2993505708873272,0.13918450474739075,0.35128818452358246,0.09878847002983093,0.029856186360120773,0.1652541160583496,0.23595385253429413,0.2650687098503113,0.0681217759847641,0.15930240601301193,0.4801895022392273,0.09816866368055344,-0.008569050580263138,0.09106282889842987,-0.16256308555603027,-1.2494439482688904,0.017805323004722595,-0.3443933129310608,0.29863401502370834,0.09714725613594055,0.09945166110992432,0.3245898187160492,0.6412561610341072,0.07777092605829239,0.5126168541610241,0.20134976506233215,0.7298854440450668,-0.08660128712654114,1.0422050580382347,0.04113943129777908,0.731656551361084,1.0537519417703152,0.07430094480514526,-0.6667658090591431,0.10164039954543114,2.00035597383976,0.35365600138902664,0.6029238700866699,0.016981661319732666,-0.5904619991779327,0.11827626824378967,0.05257655307650566,0.4350602999329567,-0.022443458437919617,0.09099006652832031,2.3660238683223724,0.47289977967739105,-0.2484085112810135,0.9552780389785767,0.8974795937538147,0.12880323641002178,0.2770739942789078,0.42005714774131775,0.03991272393614054,0.14931372553110123,1.511527305468917,0.4692498445510864,0.13392752408981323,0.7176492139697075,0.32555386424064636,-0.07876378297805786,0.181923508644104,-0.1834050454199314,0.24179622530937195,0.04150819778442383,0.3247429430484772,-0.2019931972026825,-0.03051862120628357,0.5000326484441757,0.4488571062684059
